INCLUDE "..\constants.h.6502"
ORG SAMPLES
.start

	equb    lo(sample_1)
    equb    lo(sample_2)
    equb    lo(sample_3)
    equb    lo(sample_4)
    equb    lo(sample_5)
    equb    lo(sample_6)
    equb    lo(sample_7)
    equb    hi(sample_1)
    equb    hi(sample_2)
    equb    hi(sample_3)
    equb    hi(sample_4)
    equb    hi(sample_5)
    equb    hi(sample_6)
    equb    hi(sample_7)

;sample data
ALIGN 256

.sample_1
	equb 0,0,8,79,255,255,242,0
	equb 0,0,0,0,31,255,255,255
	equb 255,255,255,232,0,0,0,21

	FOR i, 1, 16
		equb 21
	NEXT
	
.sample_2
	equb 0,0,0,0,0,0,31,255
	equb 249,64,0,0,7,255,255,0
	equb 0,0,63,255,248,128,0,7
	equb 255,255,255,224,0,0,158,15
	equb 255,247,224,0,0,0,223,255
	equb 224,0,0,38,207,255,224,0
	equb 0,1,247,251,143,253,192,0
	equb 0,15,255,191,208,0,0,21
	
	FOR i, 1, 16
		equb 21
	NEXT

.sample_3
	equb 35,105,159,243,210,148,228,21
	
	FOR i, 1, 16
		equb 21
	NEXT

.sample_4
	equb 128,128,60,1,224,15,0,240
	equb 7,128,28,1,192,30,0,32
	equb 3,0,8,0,0,0,0,21
	
	FOR i, 1, 16
		equb 21
	NEXT

.sample_5
	equb 0,84,45,120,1,254,128,191
	equb 224,3,248,0,255,0,47,232
	equb 11,254,0,127,160,11,248,0
	equb 138,0,2,104,0,10,0,0
	equb 48,0,26,0,2,64,0,64
	equb 0,0,0,0,0,0,0,0
	equb 0,0,0,0,0,0,0,0
	equb 0,0,0,0,0,0,0,0
	equb 0,0,0,0,0,0,0,0
	equb 0,0,0,0,0,0,0,0
	equb 0,0,0,0,0,0,0,0
	equb 0,0,0,0,0,0,0,0
	equb 0,0,0,0,0,0,0,0
	equb 0,0,0,0,0,0,0,0
	equb 0,0,0,0,0,0,0,0
	equb 0,0,0,0,0,0,0,21
	
	FOR i, 1, 16
		equb 21
	NEXT

.sample_6
	equb 0,0,0,0,0,0,0,0
	equb 0,0,0,0,0,0,6,0
	equb 0,0,255,0,0,3,248,0
	equb 0,63,224,0,0,255,0,0
	equb 7,252,0,0,63,232,0,0
	equb 127,160,0,0,255,208,0,3
	equb 254,0,0,31,251,128,0,127
	equb 255,0,0,254,180,0,1,255
	equb 224,0,7,239,192,0,31,246
	equb 0,0,127,218,0,0,252,248
	equb 0,1,247,224,0,15,223,192
	equb 0,31,246,0,0,255,250,0
	equb 0,253,224,0,7,255,32,0
	equb 15,255,128,0,63,248,0,0
	equb 255,200,0,3,255,128,0,15
	equb 252,0,0,63,252,0,0,255
	equb 224,0,3,255,0,0,15,111
	equb 0,0,17,252,0,0,1,248
	equb 0,0,1,232,0,0,11,224
	equb 0,0,0,0,0,0,0,0
	equb 0,0,0,0,0,0,0,0
	equb 0,0,3,255,253,0,0,0
	equb 0,0,0,0,0,0,0,0
	equb 0,0,0,0,0,0,0,0
	equb 0,0,0,0,0,0,0,0
	equb 0,0,0,0,0,0,0,0
	equb 0,0,0,0,0,0,0,0
	equb 0,0,0,0,0,32,0,0
	equb 0,0,0,0,1,0,0,0
	equb 4,0,8,130,137,10,0,0
	equb 1,1,2,1,0,130,200,4
	equb 1,18,192,120,24,118,78,248
	equb 48,204,193,102,64,97,192,136
	equb 16,160,128,97,0,19,152,236
	equb 193,192,2,0,0,2,148,57
	equb 116,56,129,167,149,0,64,132
	equb 0,0,136,72,32,0,65,4
	equb 0,176,1,64,16,0,32,64
	equb 0,0,9,193,0,132,0,136
	equb 20,84,0,8,0,18,0,0
	equb 0,0,0,128,0,0,0,6
	equb 23,32,0,0,0,0,0,0
	equb 0,0,0,0,0,0,0,0
	equb 0,0,0,0,0,0,0,0
	equb 0,0,0,0,0,0,0,0
	equb 0,0,0,0,0,0,0,0
	equb 0,0,0,0,0,0,0,0
	equb 0,0,0,0,0,0,0,0
	equb 0,0,0,0,0,0,0,0
	equb 0,0,0,0,0,0,0,0
	equb 0,0,0,0,0,0,0,0
	equb 0,0,0,0,0,0,0,0
	equb 0,0,0,0,0,0,0,0
	equb 0,0,0,0,0,0,0,0
	equb 0,0,0,0,0,0,0,0
	equb 0,0,0,0,0,0,0,0
	equb 0,0,0,0,0,0,0,0
	equb 0,0,0,0,0,0,0,0
	equb 0,0,0,0,0,0,0,0
	equb 0,0,0,0,0,0,0,0
	equb 0,0,0,0,0,0,0,0
	equb 0,0,0,0,0,0,0,0
	equb 0,0,0,0,0,0,0,0
	equb 0,0,0,0,0,0,0,21
	
	FOR i, 1, 16
		equb 21
	NEXT

.sample_7
	equb 0,0,0,0,0,0,39,248
	equb 0,0,0,0,0,0,0,0
	equb 0,0,0,0,0,0,120,0
	equb 0,31,192,0,0,255,0,0
	equb 0,254,0,0,0,127,0,0
	equb 0,127,0,0,0,63,128,0
	equb 0,15,128,0,0,7,224,0
	equb 0,3,240,0,0,1,248,0
	equb 0,0,252,0,0,0,254,0
	equb 0,0,127,0,0,0,63,0
	equb 0,0,63,0,0,0,15,192
	equb 0,0,15,128,0,0,15,192
	equb 32,0,15,128,0,0,7,192
	equb 0,0,7,192,0,0,7,192
	equb 0,0,7,129,0,0,7,192
	equb 0,0,15,128,0,0,31,0
	equb 0,0,31,0,0,0,31,0
	equb 0,0,63,0,0,0,126,0
	equb 0,0,252,0,0,0,248,0
	equb 0,3,224,0,0,15,128,0
	equb 0,63,0,0,0,248,0,0
	equb 3,224,0,0,31,0,0,0
	equb 254,0,0,3,240,0,0,15
	equb 128,0,0,126,0,0,1,240
	equb 0,0,15,192,0,0,127,0
	equb 0,1,252,0,0,15,224,0
	equb 0,127,0,0,1,254,0,0
	equb 15,224,0,0,127,128,0,0
	equb 254,0,0,7,248,0,0,63
	equb 192,0,0,255,0,0,1,252
	equb 0,0,7,240,0,0,31,224
	equb 0,0,127,0,0,0,254,0
	equb 0,1,250,0,0,3,248,0
	equb 0,7,240,0,0,7,240,0
	equb 0,15,192,0,0,7,192,0
	equb 0,7,192,0,0,3,224,0
	equb 0,1,248,0,0,0,255,0
	equb 0,0,63,0,0,0,15,224
	equb 0,0,1,252,0,0,0,127
	equb 0,0,0,7,224,0,0,0
	equb 254,0,0,0,15,192,0,0
	equb 0,254,0,0,0,15,224,0
	equb 0,0,255,0,0,0,3,240
	equb 0,0,0,63,128,0,0,0
	equb 255,0,0,0,7,248,0,0
	equb 0,31,192,0,0,0,127,192
	equb 0,0,0,255,0,0,0,1
	equb 252,0,0,0,7,240,0,0
	equb 0,15,224,0,0,0,31,192
	equb 0,0,0,63,128,0,0,0
	equb 63,0,0,0,0,127,0,0
	equb 0,0,255,0,0,0,0,252
	equb 0,0,0,0,252,0,0,0
	equb 0,252,0,0,0,0,248,0
	equb 0,0,0,120,0,0,0,0
	equb 120,0,0,0,0,48,0,0
	equb 0,0,0,0,0,0,0,0
	equb 0,0,0,0,0,0,0,0
	equb 0,0,0,0,0,0,0,0
	equb 0,0,0,0,0,0,0,0
	equb 0,0,0,0,0,0,0,0
	equb 0,0,0,0,0,0,0,0
	equb 0,0,0,0,0,0,0,0
	equb 0,0,0,0,0,0,0,21
	
	FOR i, 1, 16
		equb 21
	NEXT

.end

SAVE ".\shiru.lets_go.samples.bin",start,end

PRINT "Lets Go sample size        = ", ~end-start